n = 10

B = [
  [-636 1311 372 -2473 -514 -97 -430 434 1975 32]
  [-125 11 403 -20 -214 -448 -464 -64 248 -288]
  [1065 155 66 230 -124 1144 28 -152 -389 -187]
  [-460 -150 51 -149 -216 199 688 -74 314 352]
  [-397 -93 -3 266 324 39 -139 205 863 301]
  [-13 459 -303 -335 -413 253 -250 -657 142 -37]
  [-838 246 -75 301 26 -664 -76 40 69 406]
  [-343 -704 112 459 -349 340 -619 436 77 -168]
  [322 112 -352 472 449 -298 667 -227 -209 -575]
  [-102 -927 164 170 381 526 283 -873 -99 99]
]

x = [1 -1 1 -1 -1 -1 2 1 1 1]

Bx = [-375 212 64 -302 414 244 -58 288 -74 -315]
