n = 50

B = [
  [994 -19 -71 638 219 343 107 303 -269 -474 423 -157 382 -107 -201 -43 -124 -348 432 -489 -67 444 -301 237 656 -16 235 506 -561 604 -256 -133 -24 -168 -307 723 49 -402 -418 385 -4 -322 585 -26 -303 11 217 491 10 0]
  [-204 471 -502 54 -6 317 -26 46 529 -233 205 218 -543 119 86 56 -172 -772 551 -647 86 -140 -57 -534 842 714 231 655 -206 479 -96 347 -195 296 -127 1100 272 -295 73 101 283 -94 67 -249 -104 -164 -108 250 -32 -11]
  [3 -112 58 204 -317 591 283 700 -400 -76 -393 176 212 120 527 461 -74 -328 -494 170 -200 345 44 285 -14 -1167 64 162 -5 -267 590 -1193 -40 281 507 111 -452 -451 -219 538 -25 -176 -219 461 418 -194 306 -167 46 -101]
  [42 76 475 -251 314 -197 -183 268 523 237 147 -651 -490 283 -191 -203 743 844 491 94 386 -217 379 -138 -509 33 -129 -96 543 96 400 478 150 -455 -61 602 275 476 36 -95 23 526 299 -1020 -315 -91 -441 147 -46 101]
  [200 357 14 -108 -44 934 442 -311 -654 -99 8 571 339 -143 74 -111 -459 -672 -237 -332 -234 51 -738 572 -89 -690 293 37 -990 451 -258 -134 -48 -456 -59 -525 -1086 239 -309 1099 -53 -276 68 277 -87 223 404 -107 42 11]
  [49 -381 -71 572 306 -874 -99 -467 -560 676 95 -747 102 227 -178 122 16 354 -127 305 1 72 -394 143 -519 -47 22 586 231 -836 -143 -570 620 -91 754 291 33 -394 114 -895 195 -147 -2 -182 2 207 154 -295 48 -97]
  [-281 151 -152 203 652 673 651 -120 -554 604 -471 -514 -87 488 -112 -27 -257 -900 -318 -93 -446 4 -55 22 -288 -352 500 262 26 101 367 -481 213 -296 580 879 -1127 400 172 80 -355 -28 546 146 632 -177 -494 42 13 0]
  [0 -547 -181 569 176 122 43 -109 -396 -191 327 -235 -83 -126 491 427 114 -824 625 -278 45 232 269 -587 751 241 243 -296 440 -48 664 252 469 496 414 394 268 653 -276 -298 322 46 17 367 640 -433 -532 -450 4 -112]
  [-242 -194 -86 619 601 -264 -885 -582 -313 523 191 204 119 -659 748 345 -327 -49 -100 412 -244 -197 -107 124 -486 -463 -273 295 -79 -394 -175 -66 650 520 1104 -1187 -502 33 -449 -196 84 187 -615 278 4 -102 -63 -670 36 -101]
  [-697 -387 96 -624 -207 384 491 79 353 -210 263 -39 -380 629 -643 -282 89 -396 462 -116 407 -74 466 270 -58 456 1 410 141 383 -147 -334 -601 -199 -589 501 -11 -9 339 -134 -601 10 824 56 -24 438 129 -64 88 85]
  [-168 -634 -128 47 598 -36 263 223 -265 216 -394 -755 29 339 29 143 452 -251 92 199 299 561 347 418 227 -660 -139 154 -67 -713 46 -661 103 71 -529 -206 -231 306 -251 191 -414 54 824 776 377 -141 -229 -215 135 -16]
  [-614 250 -271 -435 -569 49 147 -303 220 -146 -1008 50 317 -15 10 -170 19 594 -916 182 -301 357 -416 9 -738 -754 240 58 -517 -518 -714 -469 665 -388 -521 -481 -325 -139 351 119 544 -181 -433 266 -67 242 315 -9 43 15]
  [-595 -54 -156 275 -158 -341 -1042 223 137 195 -75 81 -825 -360 -56 486 -485 597 206 -88 54 -192 40 -71 545 462 -156 751 -205 -631 -688 44 -318 149 41 15 -258 -536 -115 -78 -147 -255 -134 209 -188 -83 -46 -130 34 -10]
  [-287 -17 70 -169 -304 -93 39 589 116 -489 -524 342 -388 439 -120 268 316 470 9 -64 344 209 165 167 264 -1005 275 764 -548 -370 -416 -467 -210 -513 -433 964 -364 -719 -503 471 340 -58 -179 -75 44 914 394 167 153 16]
  [197 -324 -419 5 706 -4 54 -121 225 303 -90 491 -26 190 1001 395 -23 -555 310 271 51 -99 857 -207 315 -365 84 -202 -105 -408 532 -108 53 1052 -55 -768 229 436 -464 -421 -726 -75 -239 614 654 -46 -779 -49 170 -20]
  [-518 524 -489 446 82 -203 -473 -977 362 120 121 84 -433 -312 -368 -19 -553 -248 -188 197 144 -125 -573 -28 -26 986 -49 440 -790 45 -1249 502 -403 110 -59 31 -54 -431 633 221 486 108 999 -414 -408 99 -46 258 -234 5]
  [673 70 241 524 750 376 -295 153 -154 281 419 -750 -161 -192 -358 57 -43 -375 232 -219 108 202 -1006 -89 357 1096 -19 -256 607 270 -26 1058 411 -296 840 497 518 359 -307 -217 -18 101 -77 -679 -279 -203 -402 18 248 -11]
  [-331 270 21 -388 -76 -1271 -280 -462 129 553 241 734 -80 -261 651 167 -228 345 28 512 363 -6 605 191 -668 171 -107 309 -110 -1010 -98 -531 -531 657 514 -98 186 -865 447 -462 -85 -365 -122 -66 -357 107 37 -374 -100 -102]
  [-400 -305 -219 192 273 164 -838 -375 -116 361 -532 235 -118 -56 56 -29 -338 -168 -587 24 -585 -666 -619 38 -198 447 -587 -762 -14 -63 -25 664 -596 28 -230 -1354 -961 586 174 336 -506 238 278 557 487 -682 -840 -202 -387 2]
  [856 -330 -175 -349 677 -1242 466 -298 -463 848 60 -444 47 83 -682 -17 122 408 263 327 93 68 514 -361 146 200 449 -412 799 -922 473 -24 652 -267 456 558 248 624 296 -722 -500 -183 223 -525 11 252 -520 -386 -115 -1]
  [-290 -419 -85 -323 -302 812 -187 45 -202 95 606 280 -707 -23 -56 127 -208 -452 180 -329 -96 343 -611 443 33 153 204 258 519 -45 251 -484 142 -15 191 965 -18 774 260 -196 -342 -554 -390 184 -77 90 -223 -847 -74 -123]
  [-176 810 -480 -284 417 352 534 481 -9 338 -485 233 353 444 -63 470 -544 -658 -376 -37 198 374 63 152 699 -302 203 -104 -518 -277 -192 -226 -438 225 285 -574 -68 -588 -204 650 401 76 -133 105 -11 -9 -77 -94 159 -5]
  [80 -890 312 -75 -281 241 -325 410 -59 -216 -137 375 -748 -23 -33 487 528 764 69 605 730 -594 -149 293 -247 -844 -67 -497 624 -407 411 -33 -635 2 426 -430 215 -163 -98 -237 -655 106 -561 -286 233 531 379 -493 103 79]
  [196 720 -478 49 942 614 -55 -664 67 -83 -386 -117 143 154 -593 -38 193 -782 -245 110 -41 51 -36 134 157 19 428 -153 -521 471 -699 867 -332 -238 -452 -349 415 856 295 132 -297 365 262 29 18 394 -537 196 -25 205]
  [-265 237 -219 241 -487 -419 605 73 -347 -107 351 -219 172 245 315 218 626 142 -293 -243 -458 108 -220 -100 -390 -571 -119 -80 326 -289 629 -128 705 -109 214 455 733 467 -263 -366 646 319 -784 205 621 22 -126 -141 -367 -155]
  [-172 -92 -140 -154 -596 548 29 -35 377 108 -425 18 -934 80 693 2 26 -89 -201 -173 203 -53 -528 -247 448 516 -380 -60 -201 -432 -46 -392 19 425 -436 -48 514 162 107 315 567 61 -834 -36 -150 -360 150 61 428 -12]
  [-143 249 -213 4 98 -546 -823 -248 -453 302 -652 53 -207 -413 -682 464 -696 72 -577 360 -437 -296 476 153 294 -601 -329 720 358 -119 -312 -354 -234 707 346 -445 -372 -711 391 -161 -269 -297 -523 578 -181 353 736 -294 -122 -24]
  [-326 -270 76 -1103 662 -73 -169 -272 503 205 -710 -523 -242 573 -456 -493 568 39 -325 292 316 -25 923 -116 -709 154 -241 -370 799 68 51 45 -413 -136 -231 278 -8 -26 353 -299 -488 498 518 -235 -379 268 -362 -455 -402 170]
  [627 61 533 -473 -5 -125 118 -912 132 -262 -76 -560 741 21 46 -794 596 154 -391 203 -388 405 -290 -311 -674 299 419 -493 -369 -37 -48 168 620 -381 -67 151 -132 539 340 31 -240 -29 518 -893 -378 -276 -370 118 -58 89]
  [-599 924 -628 -142 487 -760 -203 -575 203 595 -71 -109 -432 537 12 -86 13 -482 -545 278 -446 -278 -606 -586 -33 309 -47 4 -133 -206 -126 460 39 69 441 -211 -171 450 129 495 625 326 79 -723 33 -32 179 -313 -465 -72]
  [-131 -261 338 876 424 192 -232 -467 758 76 608 -332 -220 -172 -485 -113 253 -25 231 721 417 -719 -372 135 -532 988 -408 420 159 454 -405 210 -152 645 486 266 14 -616 363 -932 -207 558 395 -530 94 -93 -16 293 374 52]
  [560 -12 107 256 -27 -333 -255 21 162 -638 291 -399 186 -727 376 46 -429 480 987 -779 -235 364 263 -236 744 557 263 -167 -272 501 -201 874 676 366 295 -22 870 -414 -508 -529 219 -253 -156 269 -157 -258 -219 408 94 -42]
  [150 -162 239 117 -287 11 10 110 78 258 205 351 400 530 429 20 238 395 -448 -68 -189 -840 607 270 -976 -673 -483 -517 196 -95 484 64 -145 253 70 -749 463 -675 -306 -707 3 206 -941 -401 33 186 -251 186 -438 32]
  [671 -353 404 -78 424 -192 105 780 -62 -36 619 -848 232 332 -234 148 328 106 617 -197 82 404 1068 462 329 -443 -29 -319 -282 -41 500 100 -261 -12 -683 -317 683 354 -420 -108 -750 268 459 -147 6 -231 -133 643 280 112]
  [-568 481 -89 -26 -196 -8 -363 -1024 -500 246 -172 -156 -239 -31 638 521 -232 210 446 -352 -75 -101 -7 -586 -528 -530 385 362 -712 -330 -151 186 487 277 35 -432 -520 908 -521 101 698 300 -679 -413 111 -41 142 -328 -54 -54]
  [502 387 54 -181 548 -632 -246 454 357 -104 409 270 105 -147 51 -57 174 767 604 883 296 384 713 739 -332 -306 -2 444 -252 255 -572 -160 -534 638 54 60 774 -322 -152 -604 -533 39 292 -138 -654 623 403 278 -277 -47]
  [-336 641 -255 36 434 202 399 10 -61 684 -209 -127 -141 -17 -155 479 -26 -684 -339 319 184 -233 403 191 -297 -519 -83 -288 382 -98 556 7 216 589 350 -67 -518 576 -215 216 411 798 298 -183 427 314 -372 -209 -225 -155]
  [525 -133 -318 325 -360 -170 468 13 309 -787 -108 388 405 -25 330 611 -235 -1028 111 -407 -158 318 99 -345 786 30 462 548 -473 146 115 -411 283 276 555 393 744 -767 -160 141 215 41 -614 65 -50 408 319 -277 348 15]
  [-454 53 -6 -550 62 -72 225 -413 622 165 -118 -347 -755 357 -196 -69 47 898 502 199 76 -884 698 -144 -361 39 -75 492 -355 358 -56 544 -408 -191 -173 -660 -644 -81 134 -292 -1014 34 -31 -275 -172 24 468 232 299 136]
  [-658 -625 -2 215 148 620 457 -51 -138 -848 -320 -54 487 390 430 390 447 -1412 -423 86 -449 382 -424 -27 -56 -450 -46 -258 -396 402 -244 -179 142 142 -120 -507 -316 41 -578 107 -120 387 392 1059 1090 363 107 -340 447 122]
  [-1284 267 -34 -1041 434 -362 131 -167 760 -113 123 89 -741 -12 -568 -1031 839 82 -22 -24 181 39 -52 49 -351 -33 53 622 -104 127 -490 697 200 -607 -699 784 -242 642 -78 -61 -172 184 225 -466 -108 339 -1 68 -25 263]
  [-202 -111 159 -117 754 241 -343 203 -518 912 63 -736 -404 -874 196 -288 356 94 300 403 156 -496 714 -568 -232 207 -17 -494 643 -90 326 334 368 -270 580 506 -679 847 160 35 -336 283 -206 175 -61 -881 -87 -466 -241 -109]
  [-480 -265 706 -622 -184 -296 -501 515 315 -339 -296 147 -269 450 -485 -214 143 -427 103 -93 -150 -171 132 -332 -247 1064 -29 -19 616 -382 -126 329 -340 -591 625 670 -428 -340 406 -560 -306 -240 -98 71 104 572 233 -340 391 -76]
  [-383 369 -234 92 54 -74 -184 -214 421 -614 561 223 342 -554 339 -229 63 101 762 39 397 165 788 -645 -46 461 58 -9 -160 879 -8 888 -117 305 -288 12 640 -146 -232 -171 613 805 197 -568 -477 -208 110 82 -390 -296]
  [248 220 -389 -424 279 605 33 -129 337 -575 99 758 -76 5 -135 127 103 -132 724 -165 497 -216 118 545 -156 -25 10 393 -668 41 9 -11 -605 20 -325 11 30 -209 -253 426 -266 344 640 -359 -598 526 -74 159 -246 -100]
  [249 -324 -157 5 -201 57 -160 -309 -119 36 565 390 53 -215 -313 -180 204 -450 179 -278 197 -270 -85 -322 613 346 -311 -91 668 442 483 280 96 494 211 286 584 383 589 -267 -474 -414 -452 212 286 10 -56 94 6 -267]
  [124 46 -129 214 38 -5 242 293 -1 -453 351 -269 -385 -135 541 244 78 -105 549 -128 236 -182 918 -613 146 -55 47 9 496 909 566 322 -492 385 -226 506 589 328 -270 -69 -287 322 693 -258 -5 -681 -236 209 -489 -198]
  [553 -45 199 423 -387 1193 347 328 -837 -39 256 -473 -256 3 499 218 205 -349 94 297 402 94 29 274 -96 -917 -111 -286 357 614 656 -401 -11 -155 16 -71 346 756 -208 89 -161 243 -159 -146 28 -431 624 -385 -24 55]
  [-471 26 -190 652 -61 -129 0 -425 955 140 89 396 -583 210 -417 -60 -388 505 149 209 223 -738 -245 -494 -826 496 215 324 -747 462 -1125 458 247 -143 316 176 507 -983 95 -1112 370 -223 -164 -479 -194 661 257 176 359 -27]
  [-327 473 243 -813 -14 -436 81 128 -144 -442 -70 390 505 175 -272 -111 384 296 -164 243 -585 -199 420 -14 -751 -1011 -137 -261 456 60 901 -234 68 120 126 307 -275 247 414 116 -121 492 -332 196 333 330 -33 -503 64 108]
]

x = [-4 2 2 -1 0 1 -1 -3 -1 -4 1 -3 -1 0 0 2 -1 -2 -1 1 1 -1 -1 0 -1 -1 -1 1 -1 -1 0 0 0 0 1 0 -1 0 0 1 0 0 0 0 0 0 0 0 0 0]

Bx = [560 -121 -139 44 195 -174 -208 -445 -15 58 -127 159 157 -109 566 115 -52 8 -186 210 -28 -142 -34 -747 -118 -187 14 -130 -45 394 6 7 -185 8 242 709 221 -339 146 -309 -58 285 79 115 315 -162 353 393 -139 216]
