B = [
  [-1172 278 -926 -465 -250 75 2574 493 595 -917]
  [-86 -313 25 244 -451 -299 289 -31 -163 -533]
  [496 129 -203 348 -248 -354 -453 -415 -114 93]
  [-8 -317 -431 -859 -494 -217 -50 231 -105 9]
  [471 -57 680 -62 226 -60 92 -167 1471 -34]
  [-185 610 244 -57 -200 329 653 -37 -625 347]
  [-150 516 -306 326 -30 1061 418 125 -316 -257]
  [-1036 -185 -173 -213 144 -543 -143 -52 396 -179]
  [275 89 447 -666 283 -7 50 -282 632 -559]
  [348 430 -871 235 -77 -570 453 337 -243 55]
]

x = [-1 1 -1 1 1 1 1 1 0 1]

Bx = [30 277 297 -269 -384 -20 -409 328 -66 232]
