n = 10

B = [
  [-1102 -253 2667 -652 -1231 -387 -305 251 -1678 -647]
  [-639 -154 251 -153 349 -41 518 275 37 58]
  [-205 -148 -34 143 -488 -409 -45 -287 -316 558]
  [209 -304 -340 -476 81 -148 -258 543 -407 218]
  [133 -468 433 135 -494 -203 -274 -462 405 -298]
  [-3 611 -176 86 396 -112 -548 -599 390 203]
  [48 0 515 737 25 -15 -391 165 -515 -350]
  [-198 338 -599 424 -661 22 289 248 602 -384]
  [-265 -884 297 553 25 621 50 -468 342 614]
  [-117 280 728 -625 -698 284 -562 462 -369 307]
]

x = [-1 1 1 -1 1 -1 1 -1 -1 1]

Bx = [579 2 44 302 84 -380 18 178 -7 271]
