n = 10

B = [
  [-2374 -1284 1923 1209 -1264 572 747 639 2070 -1268]
  [-1161 -384 539 677 -960 91 -393 -518 80 -584]
  [432 -79 -539 -222 591 106 415 516 -249 344]
  [-452 -304 -119 325 194 -128 -629 -347 696 -217]
  [351 -455 -518 -20 -499 180 349 -120 -467 528]
  [-534 696 -62 215 525 -169 -54 -182 348 287]
  [273 162 762 501 311 264 468 -55 55 239]
  [-666 300 298 -72 -624 347 -9 367 313 317]
  [-613 -360 -483 -426 137 551 396 320 426 -465]
  [460 194 -475 -80 138 507 -809 -289 98 -259]
]

x = [1 -1 0 -1 1 1 -1 -1 -1 1]

Bx = [522 -263 -129 319 -158 -35 400 281 479 -2]