n = 10

B = [
  [1621 -913 902 -781 -248 2312 -154 753 -77 143]
  [-576 -452 -253 -317 -399 705 -485 -686 482 -117]
  [-773 282 -1054 -452 344 471 -625 -472 353 -72]
  [335 442 -179 402 -663 -245 -89 -614 438 148]
  [-320 -659 -250 113 247 -107 561 55 293 573]
  [-282 284 502 -102 48 898 -24 742 -223 95]
  [71 384 210 361 -221 559 525 -686 -249 -316]
  [-715 469 -268 -519 754 -17 -551 -2 -24 -126]
  [617 124 17 546 610 597 3 -94 457 -13]
  [-591 224 29 293 632 -325 -344 320 326 -764]
]

x = [1 -1 0 1 1 -1 1 1 -1 1]

Bx = [642 -9 178 -258 242 -23 454 -136 -9 -307]
